403003 1405870
403042 1407512
1407458 1407103
1407310 1406469
1407359 1407522
1407423 1406641
1407193 1407219
403007 1406475
403177 1407366
403161 1406891
202408052 202408059
703001 1401620
4151080 4151100
1504000008 1501000265
1501001008 1501001265
1501002008 1501002265
1501003008 1501003265
1504000012 1501000356
1504001012 1501001356
1504002012 1501002356
1504003012 1501003356
1505000006 1505000014
1502001006 1502001014
1502002006 1502002014
1502003006 1502003014
10100100 1101001262
291001 1010012621
1101001006 1101001242
1010010061 1010012421
10100200 1101002081
10100300 1101003208
291003 1010032081
1101003018 1101003195
1010030181 1010031897
10100400 1101004046
205005 1010040463
291004 1010040461
1101004015 1101004062
1010040151 1010040621
1010040152 1010040622
1010040153 1010040623
1101004016 1101004236
1010040161 1010042361
1010040162 1010042362
1010040163 1010042363
1101004006 1101004226
1010040061 1010042214
1010040062 1010042215
1010040063 1010042216
1101004030 1101004218
1010040301 1010042181
1010040302 1010042182
1010040303 1010042183
10100500 1101005052
291005 1010050521
1101005014 1101005090
1010050141 1010050901
10100600 1101006075
291006 1010060751
1101006021 1101006062
1010060211 1010060621
10100800 1101008154
291008 1010081541
10100900 1101009019
10101000 1101010022
10101100 10101100
10101200 1101012009
10110000 1101100012
10110100 10110100
10110200 1101102025
10200100 1102001120
292001 1020011201
1102001001 1102001120
1020010011 1020011201
10200200 1102002136
1102002005 1102002424
10200300 1102003080
10200400 1102004018
10200500 1102005052
10200700 1106008017
10200800 10200800
10210500 1102105012
10300100 1103001191
1103001069 1103001179
10300200 1103002030
293002 1030020301
1103002011 1103002087
1030020111 1030020871
10300300 1103003042
10300300 1103003042
1103003006 1103003087
1030030061 1030030871
1103002002 1103003062
1030020021 1030030621
10300400 1103004046
10300500 1103005024
10300600 1103006030
10300700 1103007028
10300800 1103008020
10300900 1103009022
10301000 1103010010
10301100 1103011003
10301200 1103012031
293012 1030120311
10310000 1103100007
10310200 10310200
10400100 1104001019
10400200 1104002022
10400300 1104003037
10400400 1104004041
10410000 10410000
10410100 1104101001
10410200 1104102001
10500200 1105002076
295002 1050020725
10501000 1105010019
1961001 1961152
1916001 1916006
1901001 1901090
1901002 1901091
1908002 1908067
1907001 1907059
1907002 1907059
1953001 1953008
1903001 1903076
